Input size		- (32x32)
TOP LEFT GPU ELEMENT WRITING 200.312500 to INTERMEDIATE.
TOP LEFT GPU ELEMENT WRITING 137.406250 to OUTPUT.
CPU TOP LEFT WRITING 200.312500 TO INTERMEDIATE...
Printing CPU version:
CPU TOP LEFT WRITING 137.406250 TO FINAL...
137.406250 139.148438 139.398438 138.832031 137.972656 137.632812 137.867188 138.203125 138.613281 139.238281 139.886719 140.304688 140.480469 140.617188 140.902344 141.210938 141.285156 141.167969 141.003906 140.675781 140.027344 138.933594 136.746094 131.761719 119.031250 93.218750 61.195312 38.437500 
186.503906 188.746094 188.984375 188.316406 187.273438 186.566406 186.355469 186.855469 188.246094 189.851562 190.945312 191.437500 191.625000 191.847656 192.121094 192.257812 192.261719 192.230469 192.078125 191.601562 190.714844 189.234375 186.140625 178.343750 158.605469 122.082031 80.144531 51.855469 
197.027344 199.437500 199.535156 199.082031 198.171875 195.761719 192.585938 192.835938 197.320312 201.570312 203.378906 203.886719 204.070312 204.296875 204.382812 204.179688 204.105469 204.234375 204.144531 203.621094 202.679688 201.027344 197.070312 186.546875 162.675781 124.152344 83.246094 56.332031 
194.066406 196.964844 197.187500 197.253906 196.410156 190.671875 182.183594 181.851562 191.105469 199.328125 202.199219 202.703125 202.386719 201.730469 201.488281 201.851562 202.453125 202.832031 202.750000 202.210938 201.195312 198.546875 191.125000 175.546875 149.750000 115.457031 80.992188 58.566406 
190.132812 194.085938 194.875000 195.453125 194.429688 185.804688 173.195312 172.437500 185.167969 196.468750 200.464844 200.878906 198.464844 194.042969 192.617188 195.957031 199.621094 200.917969 200.707031 199.523438 197.355469 191.527344 177.171875 155.296875 130.535156 103.160156 75.687500 60.207031 
185.027344 190.472656 192.113281 192.875000 191.613281 182.265625 168.835938 167.964844 181.472656 193.878906 198.679688 198.820312 192.839844 181.808594 177.644531 185.578125 194.996094 198.628906 197.839844 193.554688 187.007812 176.535156 157.523438 133.910156 112.015625 89.195312 67.304688 61.667969 
178.707031 185.949219 188.730469 189.593750 188.425781 180.628906 169.441406 168.800781 180.652344 192.027344 196.820312 196.664062 188.222656 171.820312 163.593750 173.390625 188.078125 195.214844 193.605469 183.597656 170.000000 156.539062 139.601562 119.054688 97.300781 74.355469 58.074219 63.964844 
171.332031 180.472656 184.738281 186.093750 185.722656 181.390625 174.921875 174.875000 182.835938 190.867188 194.609375 194.531250 186.917969 170.121094 158.140625 163.648438 177.695312 187.386719 186.894531 172.992188 154.031250 139.695312 125.640625 106.343750 82.753906 60.558594 51.804688 66.761719 
163.070312 173.871094 179.937500 182.324219 183.214844 182.636719 181.039062 181.628906 185.484375 189.703125 192.074219 192.425781 187.937500 175.593750 162.746094 159.351562 164.828125 174.421875 178.179688 165.023438 143.292969 125.914062 109.050781 88.136719 66.730469 51.703125 52.511719 71.777344 
154.058594 165.742188 173.957031 178.039062 180.140625 181.695312 182.726562 183.820312 185.710938 187.945312 189.621094 190.402344 188.867188 182.292969 170.699219 158.500000 154.566406 163.578125 170.679688 158.101562 132.691406 108.464844 86.273438 66.394531 53.265625 50.871094 62.925781 84.675781 
144.910156 155.980469 166.289062 172.906250 176.386719 178.652344 180.429688 181.988281 183.730469 185.484375 186.824219 187.753906 187.992188 184.886719 173.859375 158.000000 152.378906 161.722656 166.082031 148.917969 118.046875 87.496094 63.531250 49.542969 48.000000 60.015625 83.210938 106.832031 
137.078125 145.812500 156.925781 166.292969 171.871094 174.835938 176.832031 178.730469 180.636719 181.406250 180.628906 180.714844 182.925781 182.468750 173.125000 159.917969 156.683594 162.562500 158.960938 135.835938 101.441406 68.933594 47.777344 42.089844 51.925781 75.800781 105.953125 128.417969 
131.621094 137.074219 146.585938 157.394531 165.679688 170.312500 172.753906 174.777344 176.539062 175.050781 169.386719 166.710938 171.222656 174.343750 168.234375 158.218750 153.210938 151.167969 141.859375 119.605469 88.160156 58.328125 42.058594 44.332031 62.058594 90.285156 120.316406 139.488281 
128.128906 130.617188 136.609375 146.457031 156.945312 164.320312 168.132812 170.441406 171.984375 168.707031 158.589844 151.574219 154.656250 157.625000 151.765625 141.988281 134.414062 128.917969 121.304688 105.757812 81.398438 57.890625 48.675781 57.789062 77.296875 100.750000 125.187500 141.855469 
125.652344 126.382812 128.992188 135.980469 146.500000 156.257812 162.359375 165.554688 167.324219 164.734375 154.589844 144.535156 142.203125 140.347656 132.207031 122.531250 116.414062 113.488281 109.105469 97.000000 78.570312 65.484375 67.578125 81.695312 96.359375 110.031250 127.656250 142.402344 
123.335938 123.617188 124.652344 128.625000 136.527344 145.925781 152.738281 155.734375 157.554688 158.132812 153.328125 145.539062 140.949219 136.492188 127.089844 116.507812 110.429688 107.484375 101.472656 90.105469 79.636719 79.500000 91.828125 106.906250 114.511719 119.972656 131.898438 143.691406 
120.253906 120.878906 122.070312 124.292969 128.679688 134.675781 138.398438 137.800781 137.410156 140.593750 142.589844 140.687500 139.687500 139.171875 131.957031 119.156250 109.503906 103.464844 95.898438 89.316406 88.746094 95.488281 109.230469 123.039062 128.660156 131.031250 137.832031 145.183594 
116.613281 117.644531 119.500000 121.269531 123.375000 125.843750 125.769531 121.425781 117.628906 119.214844 121.640625 120.554688 122.941406 131.171875 132.417969 120.957031 108.343750 101.996094 99.312500 99.812500 102.234375 105.929688 116.062500 130.050781 138.117188 140.511719 143.156250 146.195312 
113.839844 114.765625 116.714844 118.457031 119.906250 121.101562 120.535156 117.023438 112.960938 111.148438 107.707031 100.324219 100.242188 113.953125 125.312500 119.601562 106.386719 101.695312 107.179688 113.839844 114.460938 113.878906 121.578125 134.152344 141.984375 144.312500 145.195312 145.980469 
112.007812 112.324219 113.808594 115.535156 117.097656 118.476562 119.300781 118.976562 117.714844 115.703125 109.605469 97.988281 91.460938 100.601562 115.460938 117.671875 108.082031 103.941406 112.789062 123.417969 125.355469 123.937500 126.996094 132.761719 137.644531 141.242188 143.550781 144.429688 
110.000000 109.769531 110.894531 112.753906 114.480469 115.949219 117.453125 118.851562 119.769531 119.765625 116.625000 107.625000 97.277344 97.433594 109.628906 119.066406 117.226562 114.222656 120.144531 129.273438 131.742188 127.453125 121.523438 118.941406 123.093750 131.785156 139.179688 142.316406 
107.855469 107.609375 108.640625 110.519531 112.097656 113.265625 114.820312 116.726562 118.304688 119.429688 119.363281 114.757812 104.902344 100.019531 108.687500 121.398438 126.125000 125.914062 128.300781 131.679688 129.207031 119.515625 108.617188 104.175781 110.000000 122.914062 134.707031 140.125000 
106.191406 106.335938 107.285156 108.757812 109.863281 110.628906 112.070312 114.101562 115.753906 117.085938 118.105469 115.535156 106.882812 100.964844 107.992188 120.996094 128.210938 130.085938 131.187500 129.800781 121.968750 111.214844 105.585938 107.054688 113.664062 123.910156 133.417969 137.980469 
105.105469 105.460938 106.078125 106.941406 107.726562 108.402344 109.601562 111.277344 112.750000 114.175781 115.546875 113.535156 105.585938 100.187500 106.976562 119.316406 126.535156 129.015625 130.019531 127.414062 119.648438 113.523438 115.527344 121.628906 126.523438 130.695312 134.296875 136.003906 
104.320312 104.347656 104.289062 104.679688 105.667969 106.738281 107.675781 108.664062 109.871094 111.500000 113.203125 111.976562 105.816406 102.039062 108.187500 118.386719 124.460938 127.042969 128.406250 127.347656 123.859375 122.640625 126.285156 130.761719 132.910156 133.742188 134.187500 134.207031 
103.222656 102.757812 102.171875 102.382812 103.703125 105.125000 105.769531 106.136719 107.222656 109.183594 111.289062 111.476562 108.566406 107.062500 111.433594 118.117188 122.445312 124.816406 126.433594 127.070312 127.136719 128.210938 130.406250 131.968750 132.457031 132.648438 132.667969 132.433594 
95.472656 94.933594 94.460938 94.683594 95.820312 96.992188 97.324219 97.437500 98.562500 100.734375 103.050781 104.425781 104.351562 104.550781 106.976562 110.507812 113.242188 115.085938 116.437500 117.406250 118.476562 120.136719 121.761719 122.457031 122.566406 122.636719 122.589844 122.410156 
69.328125 69.082031 69.003906 69.195312 69.730469 70.277344 70.402344 70.542969 71.527344 73.281250 75.089844 76.453125 77.222656 77.867188 79.093750 80.792969 82.347656 83.515625 84.324219 84.898438 85.703125 87.046875 88.332031 88.921875 89.042969 88.976562 88.781250 88.609375 
Printing GPU version:
137.406250 139.148438 139.398438 138.832031 137.972656 137.632812 137.867188 138.203125 138.613281 139.238281 139.886719 140.304688 140.480469 140.617188 140.902344 141.210938 141.285156 141.167969 141.003906 140.675781 140.027344 138.933594 136.746094 131.761719 119.031250 93.218750 61.195312 38.437500 
186.503906 188.746094 188.984375 188.316406 187.273438 186.566406 186.355469 186.855469 188.246094 189.851562 190.945312 191.437500 191.625000 191.847656 192.121094 192.257812 192.261719 192.230469 192.078125 191.601562 190.714844 189.234375 186.140625 178.343750 158.605469 122.082031 80.144531 51.855469 
197.027344 199.437500 199.535156 199.082031 198.171875 195.761719 192.585938 192.835938 197.320312 201.570312 203.378906 203.886719 204.070312 204.296875 204.382812 204.179688 204.105469 204.234375 204.144531 203.621094 202.679688 201.027344 197.070312 186.546875 162.675781 124.152344 83.246094 56.332031 
194.066406 196.964844 197.187500 197.253906 196.410156 190.671875 182.183594 181.851562 191.105469 199.328125 202.199219 202.703125 202.386719 201.730469 201.488281 201.851562 202.453125 202.832031 202.750000 202.210938 201.195312 198.546875 191.125000 175.546875 149.750000 115.457031 80.992188 58.566406 
190.132812 194.085938 194.875000 195.453125 194.429688 185.804688 173.195312 172.437500 185.167969 196.468750 200.464844 200.878906 198.464844 194.042969 192.617188 195.957031 199.621094 200.917969 200.707031 199.523438 197.355469 191.527344 177.171875 155.296875 130.535156 103.160156 75.687500 60.207031 
185.027344 190.472656 192.113281 192.875000 191.613281 182.265625 168.835938 167.964844 181.472656 193.878906 198.679688 198.820312 192.839844 181.808594 177.644531 185.578125 194.996094 198.628906 197.839844 193.554688 187.007812 176.535156 157.523438 133.910156 112.015625 89.195312 67.304688 61.667969 
178.707031 185.949219 188.730469 189.593750 188.425781 180.628906 169.441406 168.800781 180.652344 192.027344 196.820312 196.664062 188.222656 171.820312 163.593750 173.390625 188.078125 195.214844 193.605469 183.597656 170.000000 156.539062 139.601562 119.054688 97.300781 74.355469 58.074219 63.964844 
171.332031 180.472656 184.738281 186.093750 185.722656 181.390625 174.921875 174.875000 182.835938 190.867188 194.609375 194.531250 186.917969 170.121094 158.140625 163.648438 177.695312 187.386719 186.894531 172.992188 154.031250 139.695312 125.640625 106.343750 82.753906 60.558594 51.804688 66.761719 
163.070312 173.871094 179.937500 182.324219 183.214844 182.636719 181.039062 181.628906 185.484375 189.703125 192.074219 192.425781 187.937500 175.593750 162.746094 159.351562 164.828125 174.421875 178.179688 165.023438 143.292969 125.914062 109.050781 88.136719 66.730469 51.703125 52.511719 71.777344 
154.058594 165.742188 173.957031 178.039062 180.140625 181.695312 182.726562 183.820312 185.710938 187.945312 189.621094 190.402344 188.867188 182.292969 170.699219 158.500000 154.566406 163.578125 170.679688 158.101562 132.691406 108.464844 86.273438 66.394531 53.265625 50.871094 62.925781 84.675781 
144.910156 155.980469 166.289062 172.906250 176.386719 178.652344 180.429688 181.988281 183.730469 185.484375 186.824219 187.753906 187.992188 184.886719 173.859375 158.000000 152.378906 161.722656 166.082031 148.917969 118.046875 87.496094 63.531250 49.542969 48.000000 60.015625 83.210938 106.832031 
137.078125 145.812500 156.925781 166.292969 171.871094 174.835938 176.832031 178.730469 180.636719 181.406250 180.628906 180.714844 182.925781 182.468750 173.125000 159.917969 156.683594 162.562500 158.960938 135.835938 101.441406 68.933594 47.777344 42.089844 51.925781 75.800781 105.953125 128.417969 
131.621094 137.074219 146.585938 157.394531 165.679688 170.312500 172.753906 174.777344 176.539062 175.050781 169.386719 166.710938 171.222656 174.343750 168.234375 158.218750 153.210938 151.167969 141.859375 119.605469 88.160156 58.328125 42.058594 44.332031 62.058594 90.285156 120.316406 139.488281 
128.128906 130.617188 136.609375 146.457031 156.945312 164.320312 168.132812 170.441406 171.984375 168.707031 158.589844 151.574219 154.656250 157.625000 151.765625 141.988281 134.414062 128.917969 121.304688 105.757812 81.398438 57.890625 48.675781 57.789062 77.296875 100.750000 125.187500 141.855469 
125.652344 126.382812 128.992188 135.980469 146.500000 156.257812 162.359375 165.554688 167.324219 164.734375 154.589844 144.535156 142.203125 140.347656 132.207031 122.531250 116.414062 113.488281 109.105469 97.000000 78.570312 65.484375 67.578125 81.695312 96.359375 110.031250 127.656250 142.402344 
123.335938 123.617188 124.652344 128.625000 136.527344 145.925781 152.738281 155.734375 157.554688 158.132812 153.328125 145.539062 140.949219 136.492188 127.089844 116.507812 110.429688 107.484375 101.472656 90.105469 79.636719 79.500000 91.828125 106.906250 114.511719 119.972656 131.898438 143.691406 
120.253906 120.878906 122.070312 124.292969 128.679688 134.675781 138.398438 137.800781 137.410156 140.593750 142.589844 140.687500 139.687500 139.171875 131.957031 119.156250 109.503906 103.464844 95.898438 89.316406 88.746094 95.488281 109.230469 123.039062 128.660156 131.031250 137.832031 145.183594 
116.613281 117.644531 119.500000 121.269531 123.375000 125.843750 125.769531 121.425781 117.628906 119.214844 121.640625 120.554688 122.941406 131.171875 132.417969 120.957031 108.343750 101.996094 99.312500 99.812500 102.234375 105.929688 116.062500 130.050781 138.117188 140.511719 143.156250 146.195312 
113.839844 114.765625 116.714844 118.457031 119.906250 121.101562 120.535156 117.023438 112.960938 111.148438 107.707031 100.324219 100.242188 113.953125 125.312500 119.601562 106.386719 101.695312 107.179688 113.839844 114.460938 113.878906 121.578125 134.152344 141.984375 144.312500 145.195312 145.980469 
112.007812 112.324219 113.808594 115.535156 117.097656 118.476562 119.300781 118.976562 117.714844 115.703125 109.605469 97.988281 91.460938 100.601562 115.460938 117.671875 108.082031 103.941406 112.789062 123.417969 125.355469 123.937500 126.996094 132.761719 137.644531 141.242188 143.550781 144.429688 
110.000000 109.769531 110.894531 112.753906 114.480469 115.949219 117.453125 118.851562 119.769531 119.765625 116.625000 107.625000 97.277344 97.433594 109.628906 119.066406 117.226562 114.222656 120.144531 129.273438 131.742188 127.453125 121.523438 118.941406 123.093750 131.785156 139.179688 142.316406 
107.855469 107.609375 108.640625 110.519531 112.097656 113.265625 114.820312 116.726562 118.304688 119.429688 119.363281 114.757812 104.902344 100.019531 108.687500 121.398438 126.125000 125.914062 128.300781 131.679688 129.207031 119.515625 108.617188 104.175781 110.000000 122.914062 134.707031 140.125000 
106.191406 106.335938 107.285156 108.757812 109.863281 110.628906 112.070312 114.101562 115.753906 117.085938 118.105469 115.535156 106.882812 100.964844 107.992188 120.996094 128.210938 130.085938 131.187500 129.800781 121.968750 111.214844 105.585938 107.054688 113.664062 123.910156 133.417969 137.980469 
105.105469 105.460938 106.078125 106.941406 107.726562 108.402344 109.601562 111.277344 112.750000 114.175781 115.546875 113.535156 105.585938 100.187500 106.976562 119.316406 126.535156 129.015625 130.019531 127.414062 119.648438 113.523438 115.527344 121.628906 126.523438 130.695312 134.296875 136.003906 
104.320312 104.347656 104.289062 104.679688 105.667969 106.738281 107.675781 108.664062 109.871094 111.500000 113.203125 111.976562 105.816406 102.039062 108.187500 118.386719 124.460938 127.042969 128.406250 127.347656 123.859375 122.640625 126.285156 130.761719 132.910156 133.742188 134.187500 134.207031 
103.222656 102.757812 102.171875 102.382812 103.703125 105.125000 105.769531 106.136719 107.222656 109.183594 111.289062 111.476562 108.566406 107.062500 111.433594 118.117188 122.445312 124.816406 126.433594 127.070312 127.136719 128.210938 130.406250 131.968750 132.457031 132.648438 132.667969 132.433594 
95.472656 94.933594 94.460938 94.683594 95.820312 96.992188 97.324219 97.437500 98.562500 100.734375 103.050781 104.425781 104.351562 104.550781 106.976562 110.507812 113.242188 115.085938 116.437500 117.406250 118.476562 120.136719 121.761719 122.457031 122.566406 122.636719 122.589844 122.410156 
69.328125 69.082031 69.003906 69.195312 69.730469 70.277344 70.402344 70.542969 71.527344 73.281250 75.089844 76.453125 77.222656 77.867188 79.093750 80.792969 82.347656 83.515625 84.324219 84.898438 85.703125 87.046875 88.332031 88.921875 89.042969 88.976562 88.781250 88.609375 
TOP LEFT GPU ELEMENT WRITING 200.312500 to INTERMEDIATE.
TOP LEFT GPU ELEMENT WRITING 137.406250 to OUTPUT.
CPU TOP LEFT WRITING 200.312500 TO INTERMEDIATE...
Printing CPU version:
CPU TOP LEFT WRITING 137.406250 TO FINAL...
137.406250 139.148438 139.398438 138.832031 137.972656 137.632812 137.867188 138.203125 138.613281 139.238281 139.886719 140.304688 140.480469 140.617188 140.902344 141.210938 141.285156 141.167969 141.003906 140.675781 140.027344 138.933594 136.746094 131.761719 119.031250 93.218750 61.195312 38.437500 
186.503906 188.746094 188.984375 188.316406 187.273438 186.566406 186.355469 186.855469 188.246094 189.851562 190.945312 191.437500 191.625000 191.847656 192.121094 192.257812 192.261719 192.230469 192.078125 191.601562 190.714844 189.234375 186.140625 178.343750 158.605469 122.082031 80.144531 51.855469 
197.027344 199.437500 199.535156 199.082031 198.171875 195.761719 192.585938 192.835938 197.320312 201.570312 203.378906 203.886719 204.070312 204.296875 204.382812 204.179688 204.105469 204.234375 204.144531 203.621094 202.679688 201.027344 197.070312 186.546875 162.675781 124.152344 83.246094 56.332031 
194.066406 196.964844 197.187500 197.253906 196.410156 190.671875 182.183594 181.851562 191.105469 199.328125 202.199219 202.703125 202.386719 201.730469 201.488281 201.851562 202.453125 202.832031 202.750000 202.210938 201.195312 198.546875 191.125000 175.546875 149.750000 115.457031 80.992188 58.566406 
190.132812 194.085938 194.875000 195.453125 194.429688 185.804688 173.195312 172.437500 185.167969 196.468750 200.464844 200.878906 198.464844 194.042969 192.617188 195.957031 199.621094 200.917969 200.707031 199.523438 197.355469 191.527344 177.171875 155.296875 130.535156 103.160156 75.687500 60.207031 
185.027344 190.472656 192.113281 192.875000 191.613281 182.265625 168.835938 167.964844 181.472656 193.878906 198.679688 198.820312 192.839844 181.808594 177.644531 185.578125 194.996094 198.628906 197.839844 193.554688 187.007812 176.535156 157.523438 133.910156 112.015625 89.195312 67.304688 61.667969 
178.707031 185.949219 188.730469 189.593750 188.425781 180.628906 169.441406 168.800781 180.652344 192.027344 196.820312 196.664062 188.222656 171.820312 163.593750 173.390625 188.078125 195.214844 193.605469 183.597656 170.000000 156.539062 139.601562 119.054688 97.300781 74.355469 58.074219 63.964844 
171.332031 180.472656 184.738281 186.093750 185.722656 181.390625 174.921875 174.875000 182.835938 190.867188 194.609375 194.531250 186.917969 170.121094 158.140625 163.648438 177.695312 187.386719 186.894531 172.992188 154.031250 139.695312 125.640625 106.343750 82.753906 60.558594 51.804688 66.761719 
163.070312 173.871094 179.937500 182.324219 183.214844 182.636719 181.039062 181.628906 185.484375 189.703125 192.074219 192.425781 187.937500 175.593750 162.746094 159.351562 164.828125 174.421875 178.179688 165.023438 143.292969 125.914062 109.050781 88.136719 66.730469 51.703125 52.511719 71.777344 
154.058594 165.742188 173.957031 178.039062 180.140625 181.695312 182.726562 183.820312 185.710938 187.945312 189.621094 190.402344 188.867188 182.292969 170.699219 158.500000 154.566406 163.578125 170.679688 158.101562 132.691406 108.464844 86.273438 66.394531 53.265625 50.871094 62.925781 84.675781 
144.910156 155.980469 166.289062 172.906250 176.386719 178.652344 180.429688 181.988281 183.730469 185.484375 186.824219 187.753906 187.992188 184.886719 173.859375 158.000000 152.378906 161.722656 166.082031 148.917969 118.046875 87.496094 63.531250 49.542969 48.000000 60.015625 83.210938 106.832031 
137.078125 145.812500 156.925781 166.292969 171.871094 174.835938 176.832031 178.730469 180.636719 181.406250 180.628906 180.714844 182.925781 182.468750 173.125000 159.917969 156.683594 162.562500 158.960938 135.835938 101.441406 68.933594 47.777344 42.089844 51.925781 75.800781 105.953125 128.417969 
131.621094 137.074219 146.585938 157.394531 165.679688 170.312500 172.753906 174.777344 176.539062 175.050781 169.386719 166.710938 171.222656 174.343750 168.234375 158.218750 153.210938 151.167969 141.859375 119.605469 88.160156 58.328125 42.058594 44.332031 62.058594 90.285156 120.316406 139.488281 
128.128906 130.617188 136.609375 146.457031 156.945312 164.320312 168.132812 170.441406 171.984375 168.707031 158.589844 151.574219 154.656250 157.625000 151.765625 141.988281 134.414062 128.917969 121.304688 105.757812 81.398438 57.890625 48.675781 57.789062 77.296875 100.750000 125.187500 141.855469 
125.652344 126.382812 128.992188 135.980469 146.500000 156.257812 162.359375 165.554688 167.324219 164.734375 154.589844 144.535156 142.203125 140.347656 132.207031 122.531250 116.414062 113.488281 109.105469 97.000000 78.570312 65.484375 67.578125 81.695312 96.359375 110.031250 127.656250 142.402344 
123.335938 123.617188 124.652344 128.625000 136.527344 145.925781 152.738281 155.734375 157.554688 158.132812 153.328125 145.539062 140.949219 136.492188 127.089844 116.507812 110.429688 107.484375 101.472656 90.105469 79.636719 79.500000 91.828125 106.906250 114.511719 119.972656 131.898438 143.691406 
120.253906 120.878906 122.070312 124.292969 128.679688 134.675781 138.398438 137.800781 137.410156 140.593750 142.589844 140.687500 139.687500 139.171875 131.957031 119.156250 109.503906 103.464844 95.898438 89.316406 88.746094 95.488281 109.230469 123.039062 128.660156 131.031250 137.832031 145.183594 
116.613281 117.644531 119.500000 121.269531 123.375000 125.843750 125.769531 121.425781 117.628906 119.214844 121.640625 120.554688 122.941406 131.171875 132.417969 120.957031 108.343750 101.996094 99.312500 99.812500 102.234375 105.929688 116.062500 130.050781 138.117188 140.511719 143.156250 146.195312 
113.839844 114.765625 116.714844 118.457031 119.906250 121.101562 120.535156 117.023438 112.960938 111.148438 107.707031 100.324219 100.242188 113.953125 125.312500 119.601562 106.386719 101.695312 107.179688 113.839844 114.460938 113.878906 121.578125 134.152344 141.984375 144.312500 145.195312 145.980469 
112.007812 112.324219 113.808594 115.535156 117.097656 118.476562 119.300781 118.976562 117.714844 115.703125 109.605469 97.988281 91.460938 100.601562 115.460938 117.671875 108.082031 103.941406 112.789062 123.417969 125.355469 123.937500 126.996094 132.761719 137.644531 141.242188 143.550781 144.429688 
110.000000 109.769531 110.894531 112.753906 114.480469 115.949219 117.453125 118.851562 119.769531 119.765625 116.625000 107.625000 97.277344 97.433594 109.628906 119.066406 117.226562 114.222656 120.144531 129.273438 131.742188 127.453125 121.523438 118.941406 123.093750 131.785156 139.179688 142.316406 
107.855469 107.609375 108.640625 110.519531 112.097656 113.265625 114.820312 116.726562 118.304688 119.429688 119.363281 114.757812 104.902344 100.019531 108.687500 121.398438 126.125000 125.914062 128.300781 131.679688 129.207031 119.515625 108.617188 104.175781 110.000000 122.914062 134.707031 140.125000 
106.191406 106.335938 107.285156 108.757812 109.863281 110.628906 112.070312 114.101562 115.753906 117.085938 118.105469 115.535156 106.882812 100.964844 107.992188 120.996094 128.210938 130.085938 131.187500 129.800781 121.968750 111.214844 105.585938 107.054688 113.664062 123.910156 133.417969 137.980469 
105.105469 105.460938 106.078125 106.941406 107.726562 108.402344 109.601562 111.277344 112.750000 114.175781 115.546875 113.535156 105.585938 100.187500 106.976562 119.316406 126.535156 129.015625 130.019531 127.414062 119.648438 113.523438 115.527344 121.628906 126.523438 130.695312 134.296875 136.003906 
104.320312 104.347656 104.289062 104.679688 105.667969 106.738281 107.675781 108.664062 109.871094 111.500000 113.203125 111.976562 105.816406 102.039062 108.187500 118.386719 124.460938 127.042969 128.406250 127.347656 123.859375 122.640625 126.285156 130.761719 132.910156 133.742188 134.187500 134.207031 
103.222656 102.757812 102.171875 102.382812 103.703125 105.125000 105.769531 106.136719 107.222656 109.183594 111.289062 111.476562 108.566406 107.062500 111.433594 118.117188 122.445312 124.816406 126.433594 127.070312 127.136719 128.210938 130.406250 131.968750 132.457031 132.648438 132.667969 132.433594 
95.472656 94.933594 94.460938 94.683594 95.820312 96.992188 97.324219 97.437500 98.562500 100.734375 103.050781 104.425781 104.351562 104.550781 106.976562 110.507812 113.242188 115.085938 116.437500 117.406250 118.476562 120.136719 121.761719 122.457031 122.566406 122.636719 122.589844 122.410156 
69.328125 69.082031 69.003906 69.195312 69.730469 70.277344 70.402344 70.542969 71.527344 73.281250 75.089844 76.453125 77.222656 77.867188 79.093750 80.792969 82.347656 83.515625 84.324219 84.898438 85.703125 87.046875 88.332031 88.921875 89.042969 88.976562 88.781250 88.609375 
Printing GPU version:
137.406250 139.148438 139.398438 138.832031 137.972656 137.632812 137.867188 138.203125 138.613281 139.238281 139.886719 140.304688 140.480469 140.617188 140.902344 141.210938 141.285156 141.167969 141.003906 140.675781 140.027344 138.933594 136.746094 131.761719 119.031250 93.218750 61.195312 38.437500 
186.503906 188.746094 188.984375 188.316406 187.273438 186.566406 186.355469 186.855469 188.246094 189.851562 190.945312 191.437500 191.625000 191.847656 192.121094 192.257812 192.261719 192.230469 192.078125 191.601562 190.714844 189.234375 186.140625 178.343750 158.605469 122.082031 80.144531 51.855469 
197.027344 199.437500 199.535156 199.082031 198.171875 195.761719 192.585938 192.835938 197.320312 201.570312 203.378906 203.886719 204.070312 204.296875 204.382812 204.179688 204.105469 204.234375 204.144531 203.621094 202.679688 201.027344 197.070312 186.546875 162.675781 124.152344 83.246094 56.332031 
194.066406 196.964844 197.187500 197.253906 196.410156 190.671875 182.183594 181.851562 191.105469 199.328125 202.199219 202.703125 202.386719 201.730469 201.488281 201.851562 202.453125 202.832031 202.750000 202.210938 201.195312 198.546875 191.125000 175.546875 149.750000 115.457031 80.992188 58.566406 
190.132812 194.085938 194.875000 195.453125 194.429688 185.804688 173.195312 172.437500 185.167969 196.468750 200.464844 200.878906 198.464844 194.042969 192.617188 195.957031 199.621094 200.917969 200.707031 199.523438 197.355469 191.527344 177.171875 155.296875 130.535156 103.160156 75.687500 60.207031 
185.027344 190.472656 192.113281 192.875000 191.613281 182.265625 168.835938 167.964844 181.472656 193.878906 198.679688 198.820312 192.839844 181.808594 177.644531 185.578125 194.996094 198.628906 197.839844 193.554688 187.007812 176.535156 157.523438 133.910156 112.015625 89.195312 67.304688 61.667969 
178.707031 185.949219 188.730469 189.593750 188.425781 180.628906 169.441406 168.800781 180.652344 192.027344 196.820312 196.664062 188.222656 171.820312 163.593750 173.390625 188.078125 195.214844 193.605469 183.597656 170.000000 156.539062 139.601562 119.054688 97.300781 74.355469 58.074219 63.964844 
171.332031 180.472656 184.738281 186.093750 185.722656 181.390625 174.921875 174.875000 182.835938 190.867188 194.609375 194.531250 186.917969 170.121094 158.140625 163.648438 177.695312 187.386719 186.894531 172.992188 154.031250 139.695312 125.640625 106.343750 82.753906 60.558594 51.804688 66.761719 
163.070312 173.871094 179.937500 182.324219 183.214844 182.636719 181.039062 181.628906 185.484375 189.703125 192.074219 192.425781 187.937500 175.593750 162.746094 159.351562 164.828125 174.421875 178.179688 165.023438 143.292969 125.914062 109.050781 88.136719 66.730469 51.703125 52.511719 71.777344 
154.058594 165.742188 173.957031 178.039062 180.140625 181.695312 182.726562 183.820312 185.710938 187.945312 189.621094 190.402344 188.867188 182.292969 170.699219 158.500000 154.566406 163.578125 170.679688 158.101562 132.691406 108.464844 86.273438 66.394531 53.265625 50.871094 62.925781 84.675781 
144.910156 155.980469 166.289062 172.906250 176.386719 178.652344 180.429688 181.988281 183.730469 185.484375 186.824219 187.753906 187.992188 184.886719 173.859375 158.000000 152.378906 161.722656 166.082031 148.917969 118.046875 87.496094 63.531250 49.542969 48.000000 60.015625 83.210938 106.832031 
137.078125 145.812500 156.925781 166.292969 171.871094 174.835938 176.832031 178.730469 180.636719 181.406250 180.628906 180.714844 182.925781 182.468750 173.125000 159.917969 156.683594 162.562500 158.960938 135.835938 101.441406 68.933594 47.777344 42.089844 51.925781 75.800781 105.953125 128.417969 
131.621094 137.074219 146.585938 157.394531 165.679688 170.312500 172.753906 174.777344 176.539062 175.050781 169.386719 166.710938 171.222656 174.343750 168.234375 158.218750 153.210938 151.167969 141.859375 119.605469 88.160156 58.328125 42.058594 44.332031 62.058594 90.285156 120.316406 139.488281 
128.128906 130.617188 136.609375 146.457031 156.945312 164.320312 168.132812 170.441406 171.984375 168.707031 158.589844 151.574219 154.656250 157.625000 151.765625 141.988281 134.414062 128.917969 121.304688 105.757812 81.398438 57.890625 48.675781 57.789062 77.296875 100.750000 125.187500 141.855469 
125.652344 126.382812 128.992188 135.980469 146.500000 156.257812 162.359375 165.554688 167.324219 164.734375 154.589844 144.535156 142.203125 140.347656 132.207031 122.531250 116.414062 113.488281 109.105469 97.000000 78.570312 65.484375 67.578125 81.695312 96.359375 110.031250 127.656250 142.402344 
123.335938 123.617188 124.652344 128.625000 136.527344 145.925781 152.738281 155.734375 157.554688 158.132812 153.328125 145.539062 140.949219 136.492188 127.089844 116.507812 110.429688 107.484375 101.472656 90.105469 79.636719 79.500000 91.828125 106.906250 114.511719 119.972656 131.898438 143.691406 
120.253906 120.878906 122.070312 124.292969 128.679688 134.675781 138.398438 137.800781 137.410156 140.593750 142.589844 140.687500 139.687500 139.171875 131.957031 119.156250 109.503906 103.464844 95.898438 89.316406 88.746094 95.488281 109.230469 123.039062 128.660156 131.031250 137.832031 145.183594 
116.613281 117.644531 119.500000 121.269531 123.375000 125.843750 125.769531 121.425781 117.628906 119.214844 121.640625 120.554688 122.941406 131.171875 132.417969 120.957031 108.343750 101.996094 99.312500 99.812500 102.234375 105.929688 116.062500 130.050781 138.117188 140.511719 143.156250 146.195312 
113.839844 114.765625 116.714844 118.457031 119.906250 121.101562 120.535156 117.023438 112.960938 111.148438 107.707031 100.324219 100.242188 113.953125 125.312500 119.601562 106.386719 101.695312 107.179688 113.839844 114.460938 113.878906 121.578125 134.152344 141.984375 144.312500 145.195312 145.980469 
112.007812 112.324219 113.808594 115.535156 117.097656 118.476562 119.300781 118.976562 117.714844 115.703125 109.605469 97.988281 91.460938 100.601562 115.460938 117.671875 108.082031 103.941406 112.789062 123.417969 125.355469 123.937500 126.996094 132.761719 137.644531 141.242188 143.550781 144.429688 
110.000000 109.769531 110.894531 112.753906 114.480469 115.949219 117.453125 118.851562 119.769531 119.765625 116.625000 107.625000 97.277344 97.433594 109.628906 119.066406 117.226562 114.222656 120.144531 129.273438 131.742188 127.453125 121.523438 118.941406 123.093750 131.785156 139.179688 142.316406 
107.855469 107.609375 108.640625 110.519531 112.097656 113.265625 114.820312 116.726562 118.304688 119.429688 119.363281 114.757812 104.902344 100.019531 108.687500 121.398438 126.125000 125.914062 128.300781 131.679688 129.207031 119.515625 108.617188 104.175781 110.000000 122.914062 134.707031 140.125000 
106.191406 106.335938 107.285156 108.757812 109.863281 110.628906 112.070312 114.101562 115.753906 117.085938 118.105469 115.535156 106.882812 100.964844 107.992188 120.996094 128.210938 130.085938 131.187500 129.800781 121.968750 111.214844 105.585938 107.054688 113.664062 123.910156 133.417969 137.980469 
105.105469 105.460938 106.078125 106.941406 107.726562 108.402344 109.601562 111.277344 112.750000 114.175781 115.546875 113.535156 105.585938 100.187500 106.976562 119.316406 126.535156 129.015625 130.019531 127.414062 119.648438 113.523438 115.527344 121.628906 126.523438 130.695312 134.296875 136.003906 
104.320312 104.347656 104.289062 104.679688 105.667969 106.738281 107.675781 108.664062 109.871094 111.500000 113.203125 111.976562 105.816406 102.039062 108.187500 118.386719 124.460938 127.042969 128.406250 127.347656 123.859375 122.640625 126.285156 130.761719 132.910156 133.742188 134.187500 134.207031 
103.222656 102.757812 102.171875 102.382812 103.703125 105.125000 105.769531 106.136719 107.222656 109.183594 111.289062 111.476562 108.566406 107.062500 111.433594 118.117188 122.445312 124.816406 126.433594 127.070312 127.136719 128.210938 130.406250 131.968750 132.457031 132.648438 132.667969 132.433594 
95.472656 94.933594 94.460938 94.683594 95.820312 96.992188 97.324219 97.437500 98.562500 100.734375 103.050781 104.425781 104.351562 104.550781 106.976562 110.507812 113.242188 115.085938 116.437500 117.406250 118.476562 120.136719 121.761719 122.457031 122.566406 122.636719 122.589844 122.410156 
69.328125 69.082031 69.003906 69.195312 69.730469 70.277344 70.402344 70.542969 71.527344 73.281250 75.089844 76.453125 77.222656 77.867188 79.093750 80.792969 82.347656 83.515625 84.324219 84.898438 85.703125 87.046875 88.332031 88.921875 89.042969 88.976562 88.781250 88.609375 
TOP LEFT GPU ELEMENT WRITING 199.937500 to INTERMEDIATE.
TOP LEFT GPU ELEMENT WRITING 137.378906 to OUTPUT.
CPU TOP LEFT WRITING 199.937500 TO INTERMEDIATE...
Printing CPU version:
CPU TOP LEFT WRITING 137.378906 TO FINAL...
137.378906 139.171875 139.308594 138.617188 137.550781 137.121094 137.757812 138.820312 139.539062 139.703125 139.753906 140.164062 140.625000 140.613281 140.453125 140.617188 140.777344 140.597656 140.343750 140.285156 140.234375 139.503906 137.128906 131.812500 118.921875 92.835938 60.359375 37.425781 
186.726562 188.914062 188.835938 187.886719 186.464844 185.445312 185.535156 186.957031 188.988281 190.277344 190.691406 191.105469 191.582031 191.605469 191.457031 191.667969 191.925781 191.792969 191.378906 190.968750 190.656250 189.769531 186.703125 178.546875 158.457031 121.515625 79.140625 50.808594 
197.386719 199.742188 199.417969 198.562500 197.148438 194.113281 190.835938 191.921875 197.402344 201.875000 203.332031 203.699219 203.968750 203.972656 203.839844 203.953125 204.250000 204.253906 203.675781 202.789062 202.101562 201.105469 197.445312 186.648438 162.320312 123.464844 82.476562 55.785156 
194.292969 197.339844 197.277344 196.890625 195.417969 188.843750 179.949219 180.203125 190.503906 199.410156 202.410156 202.835938 202.484375 201.625000 201.144531 201.750000 202.863281 203.304688 202.625000 201.390625 200.269531 198.023438 190.863281 175.058594 148.851562 114.500000 80.414062 58.457031 
190.296875 194.613281 195.335938 195.398438 193.550781 184.027344 170.906250 170.332031 183.777344 195.914062 200.363281 200.808594 198.453125 193.929688 192.035156 195.382812 199.832031 201.609375 200.910156 198.882812 196.207031 190.246094 175.906250 153.945312 129.089844 102.011719 75.140625 60.128906 
185.437500 191.257812 192.851562 192.988281 190.781250 180.601562 166.640625 165.539062 179.332031 192.531250 197.914062 198.136719 192.285156 181.246094 176.609375 184.566406 194.941406 199.296875 198.171875 192.980469 185.621094 174.625000 155.437500 131.945312 110.449219 88.269531 66.894531 61.492188 
179.441406 186.839844 189.332031 189.507812 187.585938 179.328125 167.894531 166.910156 178.640625 190.515625 195.871094 195.859375 187.457031 170.996094 162.566406 172.566406 187.976562 195.640625 193.746094 182.898438 168.585938 154.683594 137.472656 117.031250 95.945312 73.796875 57.816406 63.695312 
171.968750 181.019531 184.757812 185.570312 185.000000 180.878906 174.718750 174.507812 182.023438 190.062500 194.191406 194.347656 186.660156 169.613281 157.507812 163.113281 177.367188 187.265625 186.597656 172.101562 152.695312 138.136719 123.820312 104.535156 81.582031 60.117188 51.449219 66.128906 
163.074219 173.691406 179.289062 181.511719 182.804688 182.937500 181.957031 182.562500 185.894531 189.746094 192.222656 192.843750 188.332031 175.605469 162.335938 158.628906 163.992188 173.726562 177.500000 164.035156 141.992188 124.429688 107.449219 86.652344 65.734375 51.179688 51.867188 70.628906 
153.414062 164.878906 172.921875 177.242188 179.988281 182.257812 183.835938 185.015625 186.484375 188.226562 189.796875 190.847656 189.472656 182.515625 170.113281 157.347656 153.535156 162.906250 170.007812 157.136719 131.445312 107.109375 85.097656 65.582031 52.718750 50.339844 62.058594 83.312500 
143.949219 154.750000 165.136719 172.175781 176.207031 178.949219 181.101562 182.750000 184.175781 185.500000 186.734375 187.949219 188.402344 184.843750 172.835938 156.601562 151.628906 161.527344 165.636719 147.910156 116.707031 86.257812 62.843750 49.433594 47.957031 59.605469 82.351562 105.632812 
136.035156 144.523438 155.765625 165.511719 171.527344 174.812500 177.042969 179.039062 180.750000 181.195312 180.339844 180.632812 182.902344 181.863281 171.671875 158.496094 156.121094 162.386719 158.332031 134.566406 99.894531 67.691406 47.226562 42.078125 51.917969 75.449219 105.296875 127.605469 
130.636719 135.972656 145.554688 156.621094 165.300781 170.222656 172.875000 175.109375 176.800781 174.929688 168.960938 166.207031 170.621094 173.218750 166.441406 156.566406 152.250000 150.335938 140.609375 118.007812 86.601562 57.238281 41.507812 44.035156 61.750000 89.871094 119.875000 139.105469 
127.191406 129.742188 135.839844 145.832031 156.589844 164.277344 168.460938 171.128906 172.632812 168.859375 158.156250 150.761719 153.765625 156.445312 149.867188 139.847656 132.664062 127.343750 119.589844 104.019531 79.972656 57.023438 48.242188 57.464844 76.894531 100.265625 124.816406 141.746094 
124.597656 125.503906 128.378906 135.468750 146.046875 156.085938 162.687500 166.250000 168.003906 165.089844 154.421875 143.941406 141.640625 139.679688 130.742188 120.382812 114.238281 111.488281 107.187500 95.191406 77.085938 64.535156 67.160156 81.535156 96.058594 109.472656 127.230469 142.410156 
122.214844 122.621094 123.992188 128.097656 135.933594 145.464844 152.644531 155.890625 157.812500 158.429688 153.449219 145.433594 140.882812 136.332031 126.300781 115.000000 108.546875 105.492188 99.468750 88.164062 77.937500 78.281250 91.218750 106.714844 114.234375 119.382812 131.437500 143.722656 
119.335938 119.902344 121.277344 123.648438 128.000000 133.984375 137.832031 137.382812 137.175781 140.550781 142.609375 140.691406 139.667969 139.015625 131.464844 118.222656 108.187500 101.875000 94.128906 87.503906 87.109375 94.246094 108.523438 122.828125 128.566406 130.699219 137.464844 145.105469 
116.015625 116.835938 118.675781 120.546875 122.671875 125.097656 125.066406 120.867188 117.226562 118.820312 121.121094 119.992188 122.414062 130.660156 131.871094 120.250000 107.386719 100.812500 97.992188 98.484375 100.996094 104.882812 115.500000 130.203125 138.625000 140.765625 143.066406 146.050781 
113.640625 114.398438 116.265625 117.968750 119.320312 120.437500 119.949219 116.644531 112.703125 110.593750 106.597656 99.042969 99.222656 113.273438 124.906250 119.167969 105.535156 100.417969 105.859375 112.773438 113.503906 112.910156 121.113281 134.664062 143.027344 145.125000 145.562500 146.070312 
112.359375 112.636719 113.996094 115.476562 116.742188 117.968750 118.851562 118.726562 117.578125 115.199219 108.488281 96.777344 90.636719 100.218750 115.492188 117.675781 107.292969 102.265625 111.023438 122.203125 124.414062 122.871094 126.218750 132.832031 138.394531 142.164062 144.339844 144.882812 
110.699219 110.445312 111.378906 112.917969 114.328125 115.640625 117.136719 118.636719 119.660156 119.492188 116.054688 107.058594 96.902344 97.250000 109.742188 119.191406 116.582031 112.613281 118.425781 128.152344 130.867188 126.238281 120.078125 117.820312 122.722656 132.210938 140.031250 142.945312 
108.394531 108.054688 108.945312 110.687500 112.085938 113.078125 114.554688 116.531250 118.269531 119.421875 119.207031 114.472656 104.507812 99.523438 108.320312 121.218750 125.609375 124.769531 127.144531 130.988281 128.496094 118.199219 106.746094 102.253906 108.695312 122.675781 135.316406 140.781250 
106.371094 106.367188 107.281250 108.828125 109.832031 110.335938 111.652344 113.828125 115.800781 117.320312 118.179688 115.269531 106.273438 100.089844 107.214844 120.601562 127.773438 129.191406 130.308594 129.316406 121.359375 110.011719 103.984375 105.464844 112.503906 123.589844 133.914062 138.648438 
105.144531 105.386719 106.015625 106.902344 107.468750 107.835938 108.945312 110.839844 112.773438 114.582031 115.902344 113.445312 104.949219 99.222656 106.195312 119.015625 126.281250 128.355469 129.296875 126.996094 119.210938 112.761719 114.628906 120.878906 126.117188 130.812500 134.890625 136.617188 
104.550781 104.546875 104.531250 104.738281 105.269531 105.992188 106.894531 108.117188 109.769531 111.847656 113.671875 112.078125 105.332031 101.281250 107.691406 118.339844 124.535156 126.902344 128.167969 127.210938 123.699219 122.320312 125.882812 130.429688 132.824219 134.027344 134.750000 134.699219 
103.816406 103.289062 102.722656 102.667969 103.449219 104.527344 105.167969 105.707031 107.046875 109.285156 111.515625 111.492188 108.226562 106.664062 111.304688 118.257812 122.687500 125.046875 126.671875 127.304688 127.171875 127.929688 129.910156 131.417969 132.031250 132.515625 132.867188 132.761719 
96.218750 95.523438 94.976562 95.007812 95.792969 96.804688 97.207031 97.359375 98.464844 100.625000 102.847656 104.027344 103.882812 104.296875 106.976562 110.566406 113.292969 115.203125 116.710938 117.769531 118.593750 119.750000 120.957031 121.480469 121.605469 121.855469 122.226562 122.484375 
69.835938 69.449219 69.261719 69.363281 69.792969 70.390625 70.636719 70.714844 71.531250 73.117188 74.675781 75.804688 76.609375 77.546875 78.988281 80.675781 82.175781 83.378906 84.343750 85.085938 85.816406 86.789062 87.632812 87.949219 87.972656 87.964844 88.136719 88.488281 
Printing GPU version:
137.378906 139.171875 139.308594 138.617188 137.550781 137.121094 137.757812 138.820312 139.539062 139.703125 139.753906 140.164062 140.625000 140.613281 140.453125 140.617188 140.777344 140.597656 140.343750 140.285156 140.234375 139.503906 137.128906 131.812500 118.921875 92.835938 60.359375 37.425781 
186.726562 188.914062 188.835938 187.886719 186.464844 185.445312 185.535156 186.957031 188.988281 190.277344 190.691406 191.105469 191.582031 191.605469 191.457031 191.667969 191.925781 191.792969 191.378906 190.968750 190.656250 189.769531 186.703125 178.546875 158.457031 121.515625 79.140625 50.808594 
197.386719 199.742188 199.417969 198.562500 197.148438 194.113281 190.835938 191.921875 197.402344 201.875000 203.332031 203.699219 203.968750 203.972656 203.839844 203.953125 204.250000 204.253906 203.675781 202.789062 202.101562 201.105469 197.445312 186.648438 162.320312 123.464844 82.476562 55.785156 
194.292969 197.339844 197.277344 196.890625 195.417969 188.843750 179.949219 180.203125 190.503906 199.410156 202.410156 202.835938 202.484375 201.625000 201.144531 201.750000 202.863281 203.304688 202.625000 201.390625 200.269531 198.023438 190.863281 175.058594 148.851562 114.500000 80.414062 58.457031 
190.296875 194.613281 195.335938 195.398438 193.550781 184.027344 170.906250 170.332031 183.777344 195.914062 200.363281 200.808594 198.453125 193.929688 192.035156 195.382812 199.832031 201.609375 200.910156 198.882812 196.207031 190.246094 175.906250 153.945312 129.089844 102.011719 75.140625 60.128906 
185.437500 191.257812 192.851562 192.988281 190.781250 180.601562 166.640625 165.539062 179.332031 192.531250 197.914062 198.136719 192.285156 181.246094 176.609375 184.566406 194.941406 199.296875 198.171875 192.980469 185.621094 174.625000 155.437500 131.945312 110.449219 88.269531 66.894531 61.492188 
179.441406 186.839844 189.332031 189.507812 187.585938 179.328125 167.894531 166.910156 178.640625 190.515625 195.871094 195.859375 187.457031 170.996094 162.566406 172.566406 187.976562 195.640625 193.746094 182.898438 168.585938 154.683594 137.472656 117.031250 95.945312 73.796875 57.816406 63.695312 
171.968750 181.019531 184.757812 185.570312 185.000000 180.878906 174.718750 174.507812 182.023438 190.062500 194.191406 194.347656 186.660156 169.613281 157.507812 163.113281 177.367188 187.265625 186.597656 172.101562 152.695312 138.136719 123.820312 104.535156 81.582031 60.117188 51.449219 66.128906 
163.074219 173.691406 179.289062 181.511719 182.804688 182.937500 181.957031 182.562500 185.894531 189.746094 192.222656 192.843750 188.332031 175.605469 162.335938 158.628906 163.992188 173.726562 177.500000 164.035156 141.992188 124.429688 107.449219 86.652344 65.734375 51.179688 51.867188 70.628906 
153.414062 164.878906 172.921875 177.242188 179.988281 182.257812 183.835938 185.015625 186.484375 188.226562 189.796875 190.847656 189.472656 182.515625 170.113281 157.347656 153.535156 162.906250 170.007812 157.136719 131.445312 107.109375 85.097656 65.582031 52.718750 50.339844 62.058594 83.312500 
143.949219 154.750000 165.136719 172.175781 176.207031 178.949219 181.101562 182.750000 184.175781 185.500000 186.734375 187.949219 188.402344 184.843750 172.835938 156.601562 151.628906 161.527344 165.636719 147.910156 116.707031 86.257812 62.843750 49.433594 47.957031 59.605469 82.351562 105.632812 
136.035156 144.523438 155.765625 165.511719 171.527344 174.812500 177.042969 179.039062 180.750000 181.195312 180.339844 180.632812 182.902344 181.863281 171.671875 158.496094 156.121094 162.386719 158.332031 134.566406 99.894531 67.691406 47.226562 42.078125 51.917969 75.449219 105.296875 127.605469 
130.636719 135.972656 145.554688 156.621094 165.300781 170.222656 172.875000 175.109375 176.800781 174.929688 168.960938 166.207031 170.621094 173.218750 166.441406 156.566406 152.250000 150.335938 140.609375 118.007812 86.601562 57.238281 41.507812 44.035156 61.750000 89.871094 119.875000 139.105469 
127.191406 129.742188 135.839844 145.832031 156.589844 164.277344 168.460938 171.128906 172.632812 168.859375 158.156250 150.761719 153.765625 156.445312 149.867188 139.847656 132.664062 127.343750 119.589844 104.019531 79.972656 57.023438 48.242188 57.464844 76.894531 100.265625 124.816406 141.746094 
124.597656 125.503906 128.378906 135.468750 146.046875 156.085938 162.687500 166.250000 168.003906 165.089844 154.421875 143.941406 141.640625 139.679688 130.742188 120.382812 114.238281 111.488281 107.187500 95.191406 77.085938 64.535156 67.160156 81.535156 96.058594 109.472656 127.230469 142.410156 
122.214844 122.621094 123.992188 128.097656 135.933594 145.464844 152.644531 155.890625 157.812500 158.429688 153.449219 145.433594 140.882812 136.332031 126.300781 115.000000 108.546875 105.492188 99.468750 88.164062 77.937500 78.281250 91.218750 106.714844 114.234375 119.382812 131.437500 143.722656 
119.335938 119.902344 121.277344 123.648438 128.000000 133.984375 137.832031 137.382812 137.175781 140.550781 142.609375 140.691406 139.667969 139.015625 131.464844 118.222656 108.187500 101.875000 94.128906 87.503906 87.109375 94.246094 108.523438 122.828125 128.566406 130.699219 137.464844 145.105469 
116.015625 116.835938 118.675781 120.546875 122.671875 125.097656 125.066406 120.867188 117.226562 118.820312 121.121094 119.992188 122.414062 130.660156 131.871094 120.250000 107.386719 100.812500 97.992188 98.484375 100.996094 104.882812 115.500000 130.203125 138.625000 140.765625 143.066406 146.050781 
113.640625 114.398438 116.265625 117.968750 119.320312 120.437500 119.949219 116.644531 112.703125 110.593750 106.597656 99.042969 99.222656 113.273438 124.906250 119.167969 105.535156 100.417969 105.859375 112.773438 113.503906 112.910156 121.113281 134.664062 143.027344 145.125000 145.562500 146.070312 
112.359375 112.636719 113.996094 115.476562 116.742188 117.968750 118.851562 118.726562 117.578125 115.199219 108.488281 96.777344 90.636719 100.218750 115.492188 117.675781 107.292969 102.265625 111.023438 122.203125 124.414062 122.871094 126.218750 132.832031 138.394531 142.164062 144.339844 144.882812 
110.699219 110.445312 111.378906 112.917969 114.328125 115.640625 117.136719 118.636719 119.660156 119.492188 116.054688 107.058594 96.902344 97.250000 109.742188 119.191406 116.582031 112.613281 118.425781 128.152344 130.867188 126.238281 120.078125 117.820312 122.722656 132.210938 140.031250 142.945312 
108.394531 108.054688 108.945312 110.687500 112.085938 113.078125 114.554688 116.531250 118.269531 119.421875 119.207031 114.472656 104.507812 99.523438 108.320312 121.218750 125.609375 124.769531 127.144531 130.988281 128.496094 118.199219 106.746094 102.253906 108.695312 122.675781 135.316406 140.781250 
106.371094 106.367188 107.281250 108.828125 109.832031 110.335938 111.652344 113.828125 115.800781 117.320312 118.179688 115.269531 106.273438 100.089844 107.214844 120.601562 127.773438 129.191406 130.308594 129.316406 121.359375 110.011719 103.984375 105.464844 112.503906 123.589844 133.914062 138.648438 
105.144531 105.386719 106.015625 106.902344 107.468750 107.835938 108.945312 110.839844 112.773438 114.582031 115.902344 113.445312 104.949219 99.222656 106.195312 119.015625 126.281250 128.355469 129.296875 126.996094 119.210938 112.761719 114.628906 120.878906 126.117188 130.812500 134.890625 136.617188 
104.550781 104.546875 104.531250 104.738281 105.269531 105.992188 106.894531 108.117188 109.769531 111.847656 113.671875 112.078125 105.332031 101.281250 107.691406 118.339844 124.535156 126.902344 128.167969 127.210938 123.699219 122.320312 125.882812 130.429688 132.824219 134.027344 134.750000 134.699219 
103.816406 103.289062 102.722656 102.667969 103.449219 104.527344 105.167969 105.707031 107.046875 109.285156 111.515625 111.492188 108.226562 106.664062 111.304688 118.257812 122.687500 125.046875 126.671875 127.304688 127.171875 127.929688 129.910156 131.417969 132.031250 132.515625 132.867188 132.761719 
96.218750 95.523438 94.976562 95.007812 95.792969 96.804688 97.207031 97.359375 98.464844 100.625000 102.847656 104.027344 103.882812 104.296875 106.976562 110.566406 113.292969 115.203125 116.710938 117.769531 118.593750 119.750000 120.957031 121.480469 121.605469 121.855469 122.226562 122.484375 
69.835938 69.449219 69.261719 69.363281 69.792969 70.390625 70.636719 70.714844 71.531250 73.117188 74.675781 75.804688 76.609375 77.546875 78.988281 80.675781 82.175781 83.378906 84.343750 85.085938 85.816406 86.789062 87.632812 87.949219 87.972656 87.964844 88.136719 88.488281 
TOP LEFT GPU ELEMENT WRITING 199.937500 to INTERMEDIATE.
TOP LEFT GPU ELEMENT WRITING 137.378906 to OUTPUT.
CPU TOP LEFT WRITING 199.937500 TO INTERMEDIATE...
Printing CPU version:
CPU TOP LEFT WRITING 137.378906 TO FINAL...
137.378906 139.171875 139.308594 138.582031 137.386719 136.812500 137.441406 138.574219 139.320312 139.527344 139.671875 140.148438 140.625000 140.617188 140.468750 140.640625 140.792969 140.601562 140.343750 140.285156 140.234375 139.503906 137.128906 131.828125 118.984375 92.906250 60.324219 37.273438 
186.726562 188.914062 188.835938 187.867188 186.332031 185.089844 185.015625 186.437500 188.550781 189.976562 190.562500 191.082031 191.578125 191.605469 191.496094 191.746094 191.984375 191.808594 191.378906 190.968750 190.652344 189.757812 186.687500 178.546875 158.519531 121.628906 79.171875 50.652344 
197.386719 199.742188 199.417969 198.585938 197.183594 193.980469 190.402344 191.382812 197.007812 201.664062 203.253906 203.699219 203.984375 203.988281 203.921875 204.109375 204.363281 204.269531 203.648438 202.757812 202.062500 201.074219 197.453125 186.632812 162.257812 123.492188 82.570312 55.710938 
194.292969 197.339844 197.277344 196.941406 195.601562 189.023438 179.871094 179.984375 190.421875 199.433594 202.429688 202.882812 202.566406 201.722656 201.320312 201.992188 203.000000 203.261719 202.500000 201.250000 200.109375 197.957031 191.007812 175.136719 148.644531 114.371094 80.535156 58.507812 
190.296875 194.613281 195.335938 195.441406 193.738281 184.300781 171.031250 170.343750 183.886719 196.054688 200.417969 200.855469 198.531250 193.964844 192.058594 195.468750 199.855469 201.457031 200.679688 198.613281 195.839844 190.019531 176.078125 154.097656 128.847656 101.808594 75.234375 60.218750 
185.437500 191.257812 192.851562 193.007812 190.882812 180.785156 166.777344 165.597656 179.410156 192.613281 197.933594 198.125000 192.210938 180.917969 176.085938 184.218750 194.808594 199.144531 197.964844 192.660156 185.070312 174.132812 155.355469 131.992188 110.296875 88.140625 66.937500 61.542969 
179.441406 186.839844 189.332031 189.511719 187.636719 179.507812 168.179688 167.132812 178.714844 190.515625 195.855469 195.812500 187.250000 170.386719 161.722656 172.132812 188.109375 195.878906 193.761719 182.589844 167.984375 154.085938 137.167969 116.960938 95.929688 73.800781 57.851562 63.718750 
171.968750 181.019531 184.757812 185.570312 185.046875 181.089844 175.082031 174.789062 182.093750 190.039062 194.175781 194.312500 186.472656 169.105469 156.917969 163.164062 178.257812 188.242188 186.953125 171.832031 152.175781 137.683594 123.562500 104.476562 81.632812 60.187500 51.539062 66.167969 
163.074219 173.691406 179.289062 181.511719 182.835938 183.050781 182.093750 182.601562 185.855469 189.718750 192.218750 192.828125 188.246094 175.382812 162.167969 159.113281 165.304688 175.027344 177.984375 163.816406 141.593750 124.156250 107.355469 86.691406 65.804688 51.273438 52.109375 70.914062 
153.414062 164.878906 172.921875 177.242188 179.996094 182.265625 183.789062 184.906250 186.394531 188.191406 189.789062 190.851562 189.476562 182.503906 170.167969 157.761719 154.390625 163.699219 170.277344 156.968750 131.140625 106.894531 85.078125 65.691406 52.808594 50.453125 62.472656 84.035156 
143.949219 154.750000 165.136719 172.175781 176.207031 178.941406 181.070312 182.703125 184.136719 185.480469 186.761719 188.019531 188.457031 184.859375 172.816406 156.589844 151.695312 161.609375 165.597656 147.726562 116.453125 86.054688 62.800781 49.519531 48.046875 59.714844 82.734375 106.417969 
136.035156 144.523438 155.765625 165.511719 171.527344 174.812500 177.042969 179.039062 180.761719 181.289062 180.585938 180.914062 183.023438 181.835938 171.605469 158.371094 155.875000 162.015625 157.843750 134.054688 99.523438 67.500000 47.175781 42.144531 52.042969 75.578125 105.484375 127.964844 
130.636719 135.972656 145.554688 156.621094 165.300781 170.222656 172.875000 175.109375 176.843750 175.171875 169.496094 166.785156 170.921875 173.371094 166.875000 157.273438 152.613281 149.910156 139.570312 116.906250 85.917969 56.976562 41.441406 44.101562 61.917969 90.023438 119.921875 139.101562 
127.191406 129.742188 135.839844 145.832031 156.589844 164.277344 168.460938 171.128906 172.667969 169.070312 158.660156 151.367188 154.179688 156.882812 150.929688 141.484375 133.882812 127.347656 118.546875 102.738281 79.156250 56.699219 48.136719 57.546875 77.113281 100.378906 124.730469 141.609375 
124.597656 125.503906 128.378906 135.468750 146.046875 156.085938 162.687500 166.250000 168.003906 165.140625 154.613281 144.187500 141.800781 140.035156 131.703125 121.738281 115.324219 111.835938 106.769531 94.457031 76.574219 64.320312 67.152344 81.871094 96.554688 109.578125 126.933594 142.160156 
122.214844 122.621094 123.992188 128.097656 135.933594 145.464844 152.644531 155.890625 157.804688 158.429688 153.476562 145.378906 140.718750 136.375000 126.707031 115.449219 108.812500 105.628906 99.472656 88.046875 77.828125 78.246094 91.429688 107.437500 115.039062 119.460938 130.957031 143.386719 
119.335938 119.902344 121.277344 123.648438 128.000000 133.984375 137.832031 137.382812 137.183594 140.589844 142.644531 140.605469 139.484375 138.933594 131.531250 118.250000 108.046875 101.675781 94.035156 87.519531 87.152344 94.304688 108.804688 123.527344 129.167969 130.527344 136.886719 144.785156 
116.015625 116.835938 118.675781 120.546875 122.671875 125.097656 125.066406 120.867188 117.230469 118.816406 121.050781 119.835938 122.242188 130.527344 131.863281 120.421875 107.542969 100.781250 97.890625 98.460938 101.062500 104.988281 115.679688 130.527344 138.773438 140.382812 142.535156 145.828125 
113.640625 114.398438 116.265625 117.968750 119.320312 120.437500 119.949219 116.644531 112.679688 110.496094 106.417969 98.820312 98.957031 113.019531 124.921875 119.601562 106.109375 100.800781 106.011719 112.820312 113.578125 113.023438 121.203125 134.761719 143.035156 144.863281 145.250000 145.980469 
112.359375 112.636719 113.996094 115.476562 116.742188 117.968750 118.851562 118.726562 117.542969 115.125000 108.488281 96.785156 90.390625 99.835938 115.394531 117.937500 107.589844 102.343750 110.902344 122.031250 124.335938 122.898438 126.230469 132.781250 138.289062 141.996094 144.214844 144.882812 
110.699219 110.445312 111.378906 112.917969 114.328125 115.640625 117.136719 118.636719 119.640625 119.523438 116.312500 107.332031 96.695312 96.660156 109.285156 118.957031 116.207031 111.835938 117.449219 127.402344 130.542969 126.222656 120.093750 117.628906 122.359375 131.957031 140.011719 143.011719 
108.394531 108.054688 108.945312 110.687500 112.085938 113.078125 114.554688 116.531250 118.265625 119.484375 119.460938 114.707031 104.222656 98.699219 107.500000 120.699219 125.062500 123.792969 125.929688 130.117188 128.214844 118.312500 106.953125 102.230469 108.414062 122.542969 135.468750 140.937500 
106.371094 106.367188 107.281250 108.828125 109.832031 110.335938 111.652344 113.828125 115.800781 117.347656 118.277344 115.328125 105.988281 99.355469 106.414062 120.128906 127.488281 128.746094 129.769531 129.066406 121.484375 110.300781 104.332031 105.714844 112.558594 123.695312 134.160156 138.820312 
105.144531 105.386719 106.015625 106.902344 107.468750 107.835938 108.945312 110.839844 112.773438 114.585938 115.898438 113.390625 104.781250 98.882812 105.777344 118.746094 126.203125 128.343750 129.367188 127.285156 119.636719 113.097656 114.882812 121.093750 126.222656 130.878906 134.996094 136.695312 
104.550781 104.546875 104.531250 104.738281 105.269531 105.992188 106.894531 108.117188 109.769531 111.847656 113.632812 111.953125 105.187500 101.171875 107.566406 118.230469 124.523438 126.988281 128.335938 127.488281 124.031250 122.546875 125.980469 130.468750 132.785156 133.933594 134.695312 134.695312 
103.816406 103.289062 102.722656 102.667969 103.449219 104.527344 105.167969 105.707031 107.046875 109.285156 111.476562 111.355469 108.054688 106.562500 111.250000 118.214844 122.687500 125.097656 126.742188 127.390625 127.281250 128.011719 129.933594 131.402344 131.968750 132.421875 132.808594 132.761719 
96.218750 95.523438 94.976562 95.007812 95.792969 96.804688 97.207031 97.359375 98.464844 100.625000 102.828125 103.953125 103.777344 104.226562 106.949219 110.554688 113.292969 115.214844 116.722656 117.777344 118.605469 119.761719 120.960938 121.476562 121.589844 121.832031 122.226562 122.542969 
69.835938 69.449219 69.261719 69.363281 69.792969 70.390625 70.636719 70.714844 71.531250 73.117188 74.671875 75.789062 76.585938 77.531250 78.984375 80.675781 82.175781 83.378906 84.343750 85.085938 85.816406 86.789062 87.632812 87.949219 87.972656 87.964844 88.160156 88.582031 
Printing GPU version:
137.378906 139.171875 139.308594 138.582031 137.386719 136.812500 137.441406 138.574219 139.320312 139.527344 139.671875 140.148438 140.625000 140.617188 140.468750 140.640625 140.792969 140.601562 140.343750 140.285156 140.234375 139.503906 137.128906 131.828125 118.984375 92.906250 60.324219 37.273438 
186.726562 188.914062 188.835938 187.867188 186.332031 185.089844 185.015625 186.437500 188.550781 189.976562 190.562500 191.082031 191.578125 191.605469 191.496094 191.746094 191.984375 191.808594 191.378906 190.968750 190.652344 189.757812 186.687500 178.546875 158.519531 121.628906 79.171875 50.652344 
197.386719 199.742188 199.417969 198.585938 197.183594 193.980469 190.402344 191.382812 197.007812 201.664062 203.253906 203.699219 203.984375 203.988281 203.921875 204.109375 204.363281 204.269531 203.648438 202.757812 202.062500 201.074219 197.453125 186.632812 162.257812 123.492188 82.570312 55.710938 
194.292969 197.339844 197.277344 196.941406 195.601562 189.023438 179.871094 179.984375 190.421875 199.433594 202.429688 202.882812 202.566406 201.722656 201.320312 201.992188 203.000000 203.261719 202.500000 201.250000 200.109375 197.957031 191.007812 175.136719 148.644531 114.371094 80.535156 58.507812 
190.296875 194.613281 195.335938 195.441406 193.738281 184.300781 171.031250 170.343750 183.886719 196.054688 200.417969 200.855469 198.531250 193.964844 192.058594 195.468750 199.855469 201.457031 200.679688 198.613281 195.839844 190.019531 176.078125 154.097656 128.847656 101.808594 75.234375 60.218750 
185.437500 191.257812 192.851562 193.007812 190.882812 180.785156 166.777344 165.597656 179.410156 192.613281 197.933594 198.125000 192.210938 180.917969 176.085938 184.218750 194.808594 199.144531 197.964844 192.660156 185.070312 174.132812 155.355469 131.992188 110.296875 88.140625 66.937500 61.542969 
179.441406 186.839844 189.332031 189.511719 187.636719 179.507812 168.179688 167.132812 178.714844 190.515625 195.855469 195.812500 187.250000 170.386719 161.722656 172.132812 188.109375 195.878906 193.761719 182.589844 167.984375 154.085938 137.167969 116.960938 95.929688 73.800781 57.851562 63.718750 
171.968750 181.019531 184.757812 185.570312 185.046875 181.089844 175.082031 174.789062 182.093750 190.039062 194.175781 194.312500 186.472656 169.105469 156.917969 163.164062 178.257812 188.242188 186.953125 171.832031 152.175781 137.683594 123.562500 104.476562 81.632812 60.187500 51.539062 66.167969 
163.074219 173.691406 179.289062 181.511719 182.835938 183.050781 182.093750 182.601562 185.855469 189.718750 192.218750 192.828125 188.246094 175.382812 162.167969 159.113281 165.304688 175.027344 177.984375 163.816406 141.593750 124.156250 107.355469 86.691406 65.804688 51.273438 52.109375 70.914062 
153.414062 164.878906 172.921875 177.242188 179.996094 182.265625 183.789062 184.906250 186.394531 188.191406 189.789062 190.851562 189.476562 182.503906 170.167969 157.761719 154.390625 163.699219 170.277344 156.968750 131.140625 106.894531 85.078125 65.691406 52.808594 50.453125 62.472656 84.035156 
143.949219 154.750000 165.136719 172.175781 176.207031 178.941406 181.070312 182.703125 184.136719 185.480469 186.761719 188.019531 188.457031 184.859375 172.816406 156.589844 151.695312 161.609375 165.597656 147.726562 116.453125 86.054688 62.800781 49.519531 48.046875 59.714844 82.734375 106.417969 
136.035156 144.523438 155.765625 165.511719 171.527344 174.812500 177.042969 179.039062 180.761719 181.289062 180.585938 180.914062 183.023438 181.835938 171.605469 158.371094 155.875000 162.015625 157.843750 134.054688 99.523438 67.500000 47.175781 42.144531 52.042969 75.578125 105.484375 127.964844 
130.636719 135.972656 145.554688 156.621094 165.300781 170.222656 172.875000 175.109375 176.843750 175.171875 169.496094 166.785156 170.921875 173.371094 166.875000 157.273438 152.613281 149.910156 139.570312 116.906250 85.917969 56.976562 41.441406 44.101562 61.917969 90.023438 119.921875 139.101562 
127.191406 129.742188 135.839844 145.832031 156.589844 164.277344 168.460938 171.128906 172.667969 169.070312 158.660156 151.367188 154.179688 156.882812 150.929688 141.484375 133.882812 127.347656 118.546875 102.738281 79.156250 56.699219 48.136719 57.546875 77.113281 100.378906 124.730469 141.609375 
124.597656 125.503906 128.378906 135.468750 146.046875 156.085938 162.687500 166.250000 168.003906 165.140625 154.613281 144.187500 141.800781 140.035156 131.703125 121.738281 115.324219 111.835938 106.769531 94.457031 76.574219 64.320312 67.152344 81.871094 96.554688 109.578125 126.933594 142.160156 
122.214844 122.621094 123.992188 128.097656 135.933594 145.464844 152.644531 155.890625 157.804688 158.429688 153.476562 145.378906 140.718750 136.375000 126.707031 115.449219 108.812500 105.628906 99.472656 88.046875 77.828125 78.246094 91.429688 107.437500 115.039062 119.460938 130.957031 143.386719 
119.335938 119.902344 121.277344 123.648438 128.000000 133.984375 137.832031 137.382812 137.183594 140.589844 142.644531 140.605469 139.484375 138.933594 131.531250 118.250000 108.046875 101.675781 94.035156 87.519531 87.152344 94.304688 108.804688 123.527344 129.167969 130.527344 136.886719 144.785156 
116.015625 116.835938 118.675781 120.546875 122.671875 125.097656 125.066406 120.867188 117.230469 118.816406 121.050781 119.835938 122.242188 130.527344 131.863281 120.421875 107.542969 100.781250 97.890625 98.460938 101.062500 104.988281 115.679688 130.527344 138.773438 140.382812 142.535156 145.828125 
113.640625 114.398438 116.265625 117.968750 119.320312 120.437500 119.949219 116.644531 112.679688 110.496094 106.417969 98.820312 98.957031 113.019531 124.921875 119.601562 106.109375 100.800781 106.011719 112.820312 113.578125 113.023438 121.203125 134.761719 143.035156 144.863281 145.250000 145.980469 
112.359375 112.636719 113.996094 115.476562 116.742188 117.968750 118.851562 118.726562 117.542969 115.125000 108.488281 96.785156 90.390625 99.835938 115.394531 117.937500 107.589844 102.343750 110.902344 122.031250 124.335938 122.898438 126.230469 132.781250 138.289062 141.996094 144.214844 144.882812 
110.699219 110.445312 111.378906 112.917969 114.328125 115.640625 117.136719 118.636719 119.640625 119.523438 116.312500 107.332031 96.695312 96.660156 109.285156 118.957031 116.207031 111.835938 117.449219 127.402344 130.542969 126.222656 120.093750 117.628906 122.359375 131.957031 140.011719 143.011719 
108.394531 108.054688 108.945312 110.687500 112.085938 113.078125 114.554688 116.531250 118.265625 119.484375 119.460938 114.707031 104.222656 98.699219 107.500000 120.699219 125.062500 123.792969 125.929688 130.117188 128.214844 118.312500 106.953125 102.230469 108.414062 122.542969 135.468750 140.937500 
106.371094 106.367188 107.281250 108.828125 109.832031 110.335938 111.652344 113.828125 115.800781 117.347656 118.277344 115.328125 105.988281 99.355469 106.414062 120.128906 127.488281 128.746094 129.769531 129.066406 121.484375 110.300781 104.332031 105.714844 112.558594 123.695312 134.160156 138.820312 
105.144531 105.386719 106.015625 106.902344 107.468750 107.835938 108.945312 110.839844 112.773438 114.585938 115.898438 113.390625 104.781250 98.882812 105.777344 118.746094 126.203125 128.343750 129.367188 127.285156 119.636719 113.097656 114.882812 121.093750 126.222656 130.878906 134.996094 136.695312 
104.550781 104.546875 104.531250 104.738281 105.269531 105.992188 106.894531 108.117188 109.769531 111.847656 113.632812 111.953125 105.187500 101.171875 107.566406 118.230469 124.523438 126.988281 128.335938 127.488281 124.031250 122.546875 125.980469 130.468750 132.785156 133.933594 134.695312 134.695312 
103.816406 103.289062 102.722656 102.667969 103.449219 104.527344 105.167969 105.707031 107.046875 109.285156 111.476562 111.355469 108.054688 106.562500 111.250000 118.214844 122.687500 125.097656 126.742188 127.390625 127.281250 128.011719 129.933594 131.402344 131.968750 132.421875 132.808594 132.761719 
96.218750 95.523438 94.976562 95.007812 95.792969 96.804688 97.207031 97.359375 98.464844 100.625000 102.828125 103.953125 103.777344 104.226562 106.949219 110.554688 113.292969 115.214844 116.722656 117.777344 118.605469 119.761719 120.960938 121.476562 121.589844 121.832031 122.226562 122.542969 
69.835938 69.449219 69.261719 69.363281 69.792969 70.390625 70.636719 70.714844 71.531250 73.117188 74.671875 75.789062 76.585938 77.531250 78.984375 80.675781 82.175781 83.378906 84.343750 85.085938 85.816406 86.789062 87.632812 87.949219 87.972656 87.964844 88.160156 88.582031 
TOP LEFT GPU ELEMENT WRITING 200.250000 to INTERMEDIATE.
TOP LEFT GPU ELEMENT WRITING 137.496094 to OUTPUT.
CPU TOP LEFT WRITING 200.250000 TO INTERMEDIATE...
Printing CPU version:
CPU TOP LEFT WRITING 137.496094 TO FINAL...
137.496094 139.195312 139.308594 138.601562 137.476562 136.972656 137.550781 138.523438 139.175781 139.429688 139.648438 140.152344 140.640625 140.636719 140.468750 140.621094 140.777344 140.597656 140.343750 140.285156 140.234375 139.503906 137.128906 131.828125 118.984375 92.933594 60.457031 37.535156 
186.804688 188.929688 188.835938 187.906250 186.507812 185.375000 185.160156 186.312500 188.343750 189.871094 190.542969 191.093750 191.625000 191.656250 191.460938 191.625000 191.882812 191.773438 191.375000 190.968750 190.652344 189.757812 186.683594 178.539062 158.527344 121.656250 79.199219 50.718750 
197.406250 199.746094 199.417969 198.621094 197.382812 194.355469 190.589844 191.136719 196.644531 201.500000 203.230469 203.691406 203.941406 203.851562 203.628906 203.718750 204.062500 204.148438 203.628906 202.757812 202.062500 201.078125 197.460938 186.656250 162.347656 123.621094 82.605469 55.687500 
194.292969 197.339844 197.277344 196.949219 195.703125 189.253906 179.894531 179.531250 189.867188 199.179688 202.386719 202.804688 202.234375 201.023438 200.378906 201.097656 202.421875 203.039062 202.464844 201.285156 200.175781 198.019531 191.089844 175.308594 148.925781 114.640625 80.652344 58.554688 
190.296875 194.613281 195.335938 195.437500 193.718750 184.164062 170.566406 169.597656 183.281250 195.816406 200.367188 200.742188 198.113281 192.984375 190.558594 194.019531 199.031250 201.199219 200.632812 198.703125 196.054688 190.203125 176.238281 154.398438 129.250000 102.082031 75.316406 60.269531 
185.437500 191.257812 192.851562 193.015625 190.828125 180.410156 165.976562 164.777344 178.988281 192.519531 197.910156 198.132812 192.308594 180.675781 174.957031 182.738281 193.968750 198.937500 197.871094 192.652344 185.261719 174.328125 155.476562 132.230469 110.628906 88.328125 66.953125 61.503906 
179.441406 186.839844 189.332031 189.523438 187.605469 179.234375 167.652344 166.722656 178.628906 190.562500 195.875000 196.019531 188.015625 171.257812 161.675781 171.351562 187.652344 195.875000 193.656250 182.375000 168.000000 154.246094 137.265625 117.109375 96.152344 73.906250 57.714844 63.199219 
171.968750 181.019531 184.757812 185.574219 185.042969 181.046875 175.042969 174.847656 182.214844 190.113281 194.210938 194.578125 187.347656 170.261719 157.406250 162.964844 178.296875 188.648438 187.035156 171.605469 152.238281 138.019531 123.816406 104.656250 81.792969 60.207031 51.187500 64.921875 
163.074219 173.691406 179.289062 181.511719 182.843750 183.097656 182.207031 182.742188 185.949219 189.750000 192.238281 192.980469 188.703125 175.875000 162.058594 158.597656 165.394531 175.730469 178.320312 163.699219 141.699219 124.542969 107.664062 86.843750 65.835938 51.175781 51.832031 69.863281 
153.414062 164.878906 172.921875 177.242188 180.000000 182.285156 183.828125 184.945312 186.414062 188.195312 189.792969 190.878906 189.472656 182.097656 169.019531 156.523438 154.144531 164.253906 170.601562 156.839844 131.019531 106.953125 85.144531 65.628906 52.546875 50.058594 62.281250 83.898438 
143.949219 154.750000 165.136719 172.175781 176.207031 178.941406 181.070312 182.703125 184.136719 185.480469 186.761719 188.003906 188.261719 184.027344 171.210938 155.160156 151.375000 161.976562 165.785156 147.550781 116.179688 85.886719 62.703125 49.324219 47.593750 59.062500 82.332031 106.511719 
136.035156 144.523438 155.765625 165.511719 171.527344 174.812500 177.042969 179.039062 180.761719 181.285156 180.574219 180.906250 182.933594 181.261719 170.332031 157.273438 155.996094 162.867188 158.179688 133.671875 99.070312 67.343750 47.226562 42.167969 51.851562 75.199219 105.156250 127.882812 
130.636719 135.972656 145.554688 156.621094 165.300781 170.222656 172.875000 175.109375 176.843750 175.160156 169.449219 166.773438 171.074219 173.351562 166.023438 156.160156 152.847656 151.218750 139.875000 115.875000 85.007812 56.796875 41.660156 44.390625 62.101562 90.117188 119.992188 139.152344 
127.191406 129.742188 135.839844 145.832031 156.589844 164.277344 168.460938 171.128906 172.667969 169.058594 158.582031 151.375000 154.714844 157.617188 150.660156 140.316406 133.417969 127.652344 117.933594 101.117188 78.039062 56.500000 48.320312 57.816406 77.363281 100.589844 124.917969 141.742188 
124.597656 125.503906 128.378906 135.468750 146.046875 156.085938 162.687500 166.250000 168.000000 165.113281 154.484375 144.234375 142.800781 141.773438 132.855469 121.847656 114.757812 110.738281 105.253906 93.031250 75.828125 64.191406 67.242188 82.066406 96.785156 109.707031 126.968750 142.179688 
122.214844 122.621094 123.992188 128.097656 135.933594 145.464844 152.644531 155.894531 157.812500 158.394531 153.273438 145.296875 141.640625 138.406250 128.964844 117.140625 109.136719 104.554688 98.179688 87.308594 77.558594 78.199219 91.480469 107.593750 115.179688 119.398438 130.785156 143.292969 
119.335938 119.902344 121.277344 123.648438 128.000000 133.984375 137.832031 137.394531 137.238281 140.644531 142.484375 140.289062 139.652344 139.933594 133.050781 119.714844 108.660156 101.285156 93.457031 87.265625 87.097656 94.292969 108.777344 123.410156 128.875000 130.113281 136.554688 144.636719 
116.015625 116.835938 118.675781 120.546875 122.671875 125.097656 125.066406 120.875000 117.296875 118.925781 120.933594 119.375000 121.808594 130.378906 132.023438 120.898438 107.945312 100.722656 97.601562 98.269531 100.980469 104.929688 115.507812 130.039062 138.046875 139.804688 142.257812 145.703125 
113.640625 114.398438 116.265625 117.968750 119.320312 120.437500 119.949219 116.636719 112.691406 110.503906 106.171875 98.269531 98.445312 112.671875 124.843750 120.101562 106.859375 100.988281 105.531250 112.253906 113.242188 112.824219 120.933594 134.203125 142.324219 144.417969 145.105469 145.890625 
112.359375 112.636719 113.996094 115.476562 116.742188 117.968750 118.851562 118.714844 117.527344 115.078125 108.234375 96.328125 90.027344 99.695312 115.566406 118.695312 108.726562 102.863281 110.312500 121.105469 123.742188 122.523438 125.875000 132.343750 137.777344 141.578125 143.968750 144.746094 
110.699219 110.445312 111.378906 112.917969 114.328125 115.640625 117.136719 118.632812 119.640625 119.523438 116.242188 107.160156 96.480469 96.464844 109.246094 119.375000 117.160156 112.585938 117.289062 126.769531 130.011719 125.714844 119.582031 117.234375 121.941406 131.382812 139.496094 142.765625 
108.394531 108.054688 108.945312 110.687500 112.085938 113.078125 114.554688 116.531250 118.269531 119.488281 119.460938 114.718750 104.171875 98.460938 107.195312 120.687500 125.531250 124.414062 126.218750 130.058594 128.003906 117.964844 106.589844 102.046875 108.210938 122.035156 134.894531 140.648438 
106.371094 106.367188 107.281250 108.828125 109.832031 110.335938 111.656250 113.843750 115.824219 117.343750 118.261719 115.449219 106.222656 99.375000 106.164062 119.953125 127.585938 129.023438 130.027344 129.242188 121.687500 110.531250 104.527344 105.910156 112.652344 123.507812 133.828125 138.621094 
105.144531 105.386719 106.015625 106.902344 107.468750 107.839844 108.984375 110.960938 112.945312 114.691406 115.953125 113.640625 105.253906 99.171875 105.707031 118.601562 126.191406 128.425781 129.449219 127.476562 120.144531 113.746094 115.328125 121.304688 126.304688 130.851562 134.898438 136.621094 
104.550781 104.546875 104.531250 104.738281 105.269531 106.007812 107.015625 108.464844 110.261719 112.210938 113.812500 112.226562 105.675781 101.582031 107.679688 118.195312 124.519531 127.019531 128.355469 127.621094 124.433594 123.003906 126.175781 130.425781 132.683594 133.867188 134.667969 134.683594 
103.816406 103.289062 102.722656 102.667969 103.449219 104.550781 105.339844 106.199219 107.765625 109.855469 111.734375 111.546875 108.425781 106.992188 111.484375 118.257812 122.687500 125.105469 126.738281 127.398438 127.355469 128.097656 129.921875 131.300781 131.859375 132.359375 132.792969 132.761719 
96.218750 95.523438 94.976562 95.007812 95.792969 96.820312 97.328125 97.726562 99.035156 101.109375 103.046875 104.050781 103.972656 104.500000 107.125000 110.597656 113.292969 115.214844 116.710938 117.734375 118.546875 119.722656 120.937500 121.449219 121.562500 121.816406 122.222656 122.542969 
69.835938 69.449219 69.261719 69.363281 69.792969 70.394531 70.675781 70.851562 71.765625 73.332031 74.773438 75.820312 76.632812 77.601562 79.031250 80.687500 82.175781 83.378906 84.339844 85.070312 85.792969 86.773438 87.628906 87.949219 87.972656 87.964844 88.160156 88.582031 
Printing GPU version:
137.496094 139.195312 139.308594 138.601562 137.476562 136.972656 137.550781 138.523438 139.175781 139.429688 139.648438 140.152344 140.640625 140.636719 140.468750 140.621094 140.777344 140.597656 140.343750 140.285156 140.234375 139.503906 137.128906 131.828125 118.984375 92.933594 60.457031 37.535156 
186.804688 188.929688 188.835938 187.906250 186.507812 185.375000 185.160156 186.312500 188.343750 189.871094 190.542969 191.093750 191.625000 191.656250 191.460938 191.625000 191.882812 191.773438 191.375000 190.968750 190.652344 189.757812 186.683594 178.539062 158.527344 121.656250 79.199219 50.718750 
197.406250 199.746094 199.417969 198.621094 197.382812 194.355469 190.589844 191.136719 196.644531 201.500000 203.230469 203.691406 203.941406 203.851562 203.628906 203.718750 204.062500 204.148438 203.628906 202.757812 202.062500 201.078125 197.460938 186.656250 162.347656 123.621094 82.605469 55.687500 
194.292969 197.339844 197.277344 196.949219 195.703125 189.253906 179.894531 179.531250 189.867188 199.179688 202.386719 202.804688 202.234375 201.023438 200.378906 201.097656 202.421875 203.039062 202.464844 201.285156 200.175781 198.019531 191.089844 175.308594 148.925781 114.640625 80.652344 58.554688 
190.296875 194.613281 195.335938 195.437500 193.718750 184.164062 170.566406 169.597656 183.281250 195.816406 200.367188 200.742188 198.113281 192.984375 190.558594 194.019531 199.031250 201.199219 200.632812 198.703125 196.054688 190.203125 176.238281 154.398438 129.250000 102.082031 75.316406 60.269531 
185.437500 191.257812 192.851562 193.015625 190.828125 180.410156 165.976562 164.777344 178.988281 192.519531 197.910156 198.132812 192.308594 180.675781 174.957031 182.738281 193.968750 198.937500 197.871094 192.652344 185.261719 174.328125 155.476562 132.230469 110.628906 88.328125 66.953125 61.503906 
179.441406 186.839844 189.332031 189.523438 187.605469 179.234375 167.652344 166.722656 178.628906 190.562500 195.875000 196.019531 188.015625 171.257812 161.675781 171.351562 187.652344 195.875000 193.656250 182.375000 168.000000 154.246094 137.265625 117.109375 96.152344 73.906250 57.714844 63.199219 
171.968750 181.019531 184.757812 185.574219 185.042969 181.046875 175.042969 174.847656 182.214844 190.113281 194.210938 194.578125 187.347656 170.261719 157.406250 162.964844 178.296875 188.648438 187.035156 171.605469 152.238281 138.019531 123.816406 104.656250 81.792969 60.207031 51.187500 64.921875 
163.074219 173.691406 179.289062 181.511719 182.843750 183.097656 182.207031 182.742188 185.949219 189.750000 192.238281 192.980469 188.703125 175.875000 162.058594 158.597656 165.394531 175.730469 178.320312 163.699219 141.699219 124.542969 107.664062 86.843750 65.835938 51.175781 51.832031 69.863281 
153.414062 164.878906 172.921875 177.242188 180.000000 182.285156 183.828125 184.945312 186.414062 188.195312 189.792969 190.878906 189.472656 182.097656 169.019531 156.523438 154.144531 164.253906 170.601562 156.839844 131.019531 106.953125 85.144531 65.628906 52.546875 50.058594 62.281250 83.898438 
143.949219 154.750000 165.136719 172.175781 176.207031 178.941406 181.070312 182.703125 184.136719 185.480469 186.761719 188.003906 188.261719 184.027344 171.210938 155.160156 151.375000 161.976562 165.785156 147.550781 116.179688 85.886719 62.703125 49.324219 47.593750 59.062500 82.332031 106.511719 
136.035156 144.523438 155.765625 165.511719 171.527344 174.812500 177.042969 179.039062 180.761719 181.285156 180.574219 180.906250 182.933594 181.261719 170.332031 157.273438 155.996094 162.867188 158.179688 133.671875 99.070312 67.343750 47.226562 42.167969 51.851562 75.199219 105.156250 127.882812 
130.636719 135.972656 145.554688 156.621094 165.300781 170.222656 172.875000 175.109375 176.843750 175.160156 169.449219 166.773438 171.074219 173.351562 166.023438 156.160156 152.847656 151.218750 139.875000 115.875000 85.007812 56.796875 41.660156 44.390625 62.101562 90.117188 119.992188 139.152344 
127.191406 129.742188 135.839844 145.832031 156.589844 164.277344 168.460938 171.128906 172.667969 169.058594 158.582031 151.375000 154.714844 157.617188 150.660156 140.316406 133.417969 127.652344 117.933594 101.117188 78.039062 56.500000 48.320312 57.816406 77.363281 100.589844 124.917969 141.742188 
124.597656 125.503906 128.378906 135.468750 146.046875 156.085938 162.687500 166.250000 168.000000 165.113281 154.484375 144.234375 142.800781 141.773438 132.855469 121.847656 114.757812 110.738281 105.253906 93.031250 75.828125 64.191406 67.242188 82.066406 96.785156 109.707031 126.968750 142.179688 
122.214844 122.621094 123.992188 128.097656 135.933594 145.464844 152.644531 155.894531 157.812500 158.394531 153.273438 145.296875 141.640625 138.406250 128.964844 117.140625 109.136719 104.554688 98.179688 87.308594 77.558594 78.199219 91.480469 107.593750 115.179688 119.398438 130.785156 143.292969 
119.335938 119.902344 121.277344 123.648438 128.000000 133.984375 137.832031 137.394531 137.238281 140.644531 142.484375 140.289062 139.652344 139.933594 133.050781 119.714844 108.660156 101.285156 93.457031 87.265625 87.097656 94.292969 108.777344 123.410156 128.875000 130.113281 136.554688 144.636719 
116.015625 116.835938 118.675781 120.546875 122.671875 125.097656 125.066406 120.875000 117.296875 118.925781 120.933594 119.375000 121.808594 130.378906 132.023438 120.898438 107.945312 100.722656 97.601562 98.269531 100.980469 104.929688 115.507812 130.039062 138.046875 139.804688 142.257812 145.703125 
113.640625 114.398438 116.265625 117.968750 119.320312 120.437500 119.949219 116.636719 112.691406 110.503906 106.171875 98.269531 98.445312 112.671875 124.843750 120.101562 106.859375 100.988281 105.531250 112.253906 113.242188 112.824219 120.933594 134.203125 142.324219 144.417969 145.105469 145.890625 
112.359375 112.636719 113.996094 115.476562 116.742188 117.968750 118.851562 118.714844 117.527344 115.078125 108.234375 96.328125 90.027344 99.695312 115.566406 118.695312 108.726562 102.863281 110.312500 121.105469 123.742188 122.523438 125.875000 132.343750 137.777344 141.578125 143.968750 144.746094 
110.699219 110.445312 111.378906 112.917969 114.328125 115.640625 117.136719 118.632812 119.640625 119.523438 116.242188 107.160156 96.480469 96.464844 109.246094 119.375000 117.160156 112.585938 117.289062 126.769531 130.011719 125.714844 119.582031 117.234375 121.941406 131.382812 139.496094 142.765625 
108.394531 108.054688 108.945312 110.687500 112.085938 113.078125 114.554688 116.531250 118.269531 119.488281 119.460938 114.718750 104.171875 98.460938 107.195312 120.687500 125.531250 124.414062 126.218750 130.058594 128.003906 117.964844 106.589844 102.046875 108.210938 122.035156 134.894531 140.648438 
106.371094 106.367188 107.281250 108.828125 109.832031 110.335938 111.656250 113.843750 115.824219 117.343750 118.261719 115.449219 106.222656 99.375000 106.164062 119.953125 127.585938 129.023438 130.027344 129.242188 121.687500 110.531250 104.527344 105.910156 112.652344 123.507812 133.828125 138.621094 
105.144531 105.386719 106.015625 106.902344 107.468750 107.839844 108.984375 110.960938 112.945312 114.691406 115.953125 113.640625 105.253906 99.171875 105.707031 118.601562 126.191406 128.425781 129.449219 127.476562 120.144531 113.746094 115.328125 121.304688 126.304688 130.851562 134.898438 136.621094 
104.550781 104.546875 104.531250 104.738281 105.269531 106.007812 107.015625 108.464844 110.261719 112.210938 113.812500 112.226562 105.675781 101.582031 107.679688 118.195312 124.519531 127.019531 128.355469 127.621094 124.433594 123.003906 126.175781 130.425781 132.683594 133.867188 134.667969 134.683594 
103.816406 103.289062 102.722656 102.667969 103.449219 104.550781 105.339844 106.199219 107.765625 109.855469 111.734375 111.546875 108.425781 106.992188 111.484375 118.257812 122.687500 125.105469 126.738281 127.398438 127.355469 128.097656 129.921875 131.300781 131.859375 132.359375 132.792969 132.761719 
96.218750 95.523438 94.976562 95.007812 95.792969 96.820312 97.328125 97.726562 99.035156 101.109375 103.046875 104.050781 103.972656 104.500000 107.125000 110.597656 113.292969 115.214844 116.710938 117.734375 118.546875 119.722656 120.937500 121.449219 121.562500 121.816406 122.222656 122.542969 
69.835938 69.449219 69.261719 69.363281 69.792969 70.394531 70.675781 70.851562 71.765625 73.332031 74.773438 75.820312 76.632812 77.601562 79.031250 80.687500 82.175781 83.378906 84.339844 85.070312 85.792969 86.773438 87.628906 87.949219 87.972656 87.964844 88.160156 88.582031 
Verification		- Successful
Cycles elapsed		- 912426975

